vypis frekvenci vsech dPMR kanalu 1 - 16

dPMR-01 = 446.103125 Mhz
dPMR-02 = 446.109375 Mhz 
dPMR-03 = 446.115625 Mhz 
dPMR-04 = 446.121875 Mhz 
dPMR-05 = 446.128125 Mhz 
dPMR-06 = 446.134375 Mhz 
dPMR-07 = 446.140625 Mhz 
dPMR-08 = 446.146875 Mhz 
dPMR-09 = 446.153125 Mhz 
dPMR-10 = 446.159375 Mhz 
dPMR-11 = 446.165625 Mhz 
dPMR-12 = 446.171875 Mhz 
dPMR-13 = 446.178125 Mhz 
dPMR-14 = 446.184375 Mhz 
dPMR-15 = 446.190625 Mhz 
dPMR-16 = 446.196875 Mhz 
