vypis frekvenci vsech PMR kanalu 1 - 16

PMR-01 = 446.00625 Mhz
PMR-02 = 446.01875 Mhz 
PMR-03 = 446.03125 Mhz 
PMR-04 = 446.04375 Mhz 
PMR-05 = 446.05625 Mhz 
PMR-06 = 446.06875 Mhz 
PMR-07 = 446.08125 Mhz 
PMR-08 = 446.09375 Mhz 
PMR-09 = 446.10625 Mhz 
PMR-10 = 446.11875 Mhz 
PMR-11 = 446.13125 Mhz 
PMR-12 = 446.14375 Mhz 
PMR-13 = 446.15625 Mhz 
PMR-14 = 446.16875 Mhz 
PMR-15 = 446.18125 Mhz 
PMR-16 = 446.19375 Mhz 
